- iban: "CZ8750519687368863935002"
  value: 20.0
  timestamp: 1682182423.248232
- iban: "CZ8750519687368863935003"
  value: 20.0
  timestamp: 1682182428.034014
- iban: "CZ8750519687368863935002"
  value: 23.55
  timestamp: 1682182456.272304
- iban: "CZ8750519687368863935002"
  value: 353.25
  timestamp: 1682183420.94488
